1376
6940
7389
6935
7565
9680
9836
9839
10578
11397
11029
10288
21027
25685
25817
26450
6795
6944
19886
6941
11398
19888
1447
6936
10561
7566
6942
10579
9684
34212
6939
6946
28796
6933
8606
34286
8604
11010
29098
16576
26571
30149
24868
27789
10399
30159
25903
18866
7727
13492
17859
20999
17653
17173
25126
4696
25041
11013
14592
8602
10494
4769
18111
17644
18882
9845
14553
24807
1272
18602
17399
13882
13832
21076
14272
12509
16678
42772
27484
14395
43320
30145
6934
24808
29664
27124
8608
4644
22235
10577
24492
4756
26670
14319
34290
13833
23058
15185
19756
14876
43411
18343
10370
4805
20717
43327
7504
7513
42354
10363
10673
23152
23151
14374
34228
4687
29668
24021
4865
11403
6503
9791
21740
28057
14500
30152
13836
18434
9792
24811
6938
14850
17903
15075
25896
28692
43426
10362
14872
42444
28845
16129
16204
23106
10742
18836
10178
7409
24175
15351
18539
7531
1266
16751
12189
23684
17521
28414
27406
7906
30153
25904
21037
17843
26565
6294
23574
16438
16743
24784
18275
17519
45593
15311
24204
29507
45173
24939
45594
17726
14246
15749
17869
8600
13315
16575
30263
14633
15324
25476
14825
23527
8605
45210
15208
10755
10121
7488
2130
18445
13843
17686
20547
12136
45662
24079
11410
2111
24783
29087
16208
22335
17453
25683
19318
15368
25745
9279
29686
23560
26529
17639
21113
20068
24719
23153
28820
22421
12306
43383
15364
24398
29601
23572
17385
24759
12131
14375
25687
17690
16979
15113
27905
26543
19753
10351
19181
12507
12206
23559
16997
23080
25058
9806
34227
10746
18376
24842
43303
22589
16253
42386
26203
10898
17497
16700
13013
11060
18752
20692
18677
18955
41571
23784
16415
20566
25290
27054
13088
23732
4760
9154
24782
8603
14595
17647
21638
18586
29366
22052
18900
18485
9838
9849
21108
17937
24977
27044
7501
29480
14639
27046
7499
45691
29581
28349
14648
14906
15449
15781
16588
16139
26153
26870
28632
17664
4702
26482
14603
34291
18884
6319
21939
4775
27043
20788
21454
11039
15779
18441
25429
42358
30148
24788
20726
10468
20073
18375
13041
26564
14554
25959
14038
22600
24781
21377
17170
34231
10750
16498
19333
21293
16452
18924
12947
21917
14220
13487
26523
24840
24850
11054
13373
8929
22527
28789
21432
15366
10011
43040
15318
18201
28855
25406
45171
30144
21227
14562
42491
11033
15182
16459
14832
4824
22621
23155
18598
28920
22733
13828
23581
25258
4958
24273
6937
13875
23573
24394
43323
7391
18795
20248
15328
15714
27246
18030
23964
28365
14086
45665
10467
17626
16287
11036
18190
12234
12663
24852
27579
14873
14847
18829
16972
23798
28325
9805
42764
23793
34280
43325
24813
15748
15745
7480
29651
11014
19071
16552
19721
43297
14310
45102
24106
16978
24227
20725
14943
43324
20067
24869
14329
27970
30147
24399
26444
22236
24353
43326
24854
24099
26965
12808
24935
12635
18570
27411
22348
14373
10632
21294
22532
42767
18760
24970
28342
19029
24027
6605
16816
27908
20410
29253
17611
14993
15953
18914
29832
18770
26792
17491
12508
13653
19959
14269
15342
20083
28811
9678
10357
13001
10233
20917
4795
6613
13095
28207
18810
24397
16583
14396
17004
26525
26589
23400
28329
15552
43409
29613
24085
29082
18809
23102
1431
15686
11400
13258
20677
16689
13515
21488
28411
27729
23179
17637
15346
17307
29255
1378
24814
23703
21368
23143
22640
12067
10209
15209
29614
20058
26202
13823
24022
15723
17541
14042
17003
18494
19916
45273
20078
45416
18437
19527
20979
15050
17001
19317
1442
10371
15391
17906
10230
21358
23398
20587
20748
28432
17382
28947
14572
18461
21693
27699
7394
21300
14210
19764
25920
16922
15078
22757
17222
29959
14666
